50
0 0.0
1 0.5877852522924731
2 0.9510565162951535
3 0.9510565162951536
4 0.5877852522924732
5 1.2246467991473532e-16
6 -0.587785252292473
7 -0.9510565162951535
8 -0.9510565162951536
9 -0.5877852522924734
10 -2.4492935982947064e-16
11 0.5877852522924729
12 0.9510565162951535
13 0.9510565162951536
14 0.5877852522924734
15 3.6739403974420594e-16
16 -0.5877852522924728
17 -0.9510565162951534
18 -0.9510565162951538
19 -0.5877852522924735
20 -4.898587196589413e-16
21 0.5877852522924727
22 0.9510565162951534
23 0.9510565162951538
24 0.5877852522924736
25 6.123233995736766e-16
26 -0.5877852522924726
27 -0.9510565162951534
28 -0.9510565162951538
29 -0.5877852522924737
30 -7.347880794884119e-16
31 0.5877852522924725
32 0.9510565162951533
33 0.9510565162951539
34 0.5877852522924738
35 -2.6954609193973537e-15
36 -0.5877852522924725
37 -0.9510565162951533
38 -0.9510565162951539
39 -0.5877852522924739
40 -9.797174393178826e-16
41 0.5877852522924751
42 0.9510565162951533
43 0.9510565162951539
44 0.587785252292474
45 1.102182119232618e-15
46 -0.5877852522924722
47 -0.9510565162951543
48 -0.951056516295154
49 -0.5877852522924741
